/home/samwiq/spa/seq-posterior-approx-w-nf-dev/mv_gaussian/2d w 5 obs/lunarc
/home/samwiq/spa/seq-posterior-approx-w-nf-dev/mv_gaussian/2d w 5 obs
Input args:
Dim: 2
seed: 1
seed_data: 10
/home/samwiq/spa/seq-posterior-approx-w-nf-dev/mv_gaussian/2d w 5 obs
/home/samwiq/spa/seq-posterior-approx-w-nf-dev/mv_gaussian
Nbr trainable parameters: 17776
start training
Epoch: 0, loss: 0.7780312805157155, eval loss: 5.680044174194336
Epoch: 1, loss: 0.4806034676144191, eval loss: 0.4748974144458771
Epoch: 2, loss: 0.4592851059883833, eval loss: 0.46169203519821167
Epoch: 3, loss: 0.43684694899013266, eval loss: 0.43394792079925537
Epoch: 4, loss: 0.4246230048162397, eval loss: 0.46258077025413513
Epoch: 5, loss: 0.41569141378015045, eval loss: 0.4023711085319519
Epoch: 6, loss: 0.408582688330207, eval loss: 0.469041109085083
Epoch: 7, loss: 0.4012084513175068, eval loss: 0.36955758929252625
Epoch: 8, loss: 0.40211406016780527, eval loss: 0.40294042229652405
Epoch: 9, loss: 0.39405818667728454, eval loss: 0.4003795087337494

Runtime:117.3
KL div untrained: 4280.5127
KL div trained: 0.0037
